# Table of a(n), 1..78
# b395684.txt generated with jOEIS by Sean A. Irvine at 2026-05-10 09:23:42
1 1
2 1
3 1
4 1
5 6
6 1
7 1
8 40
9 22
10 1
11 1
12 387
13 570
14 65
15 1
16 1
17 5788
18 21837
19 4970
20 171
21 1
22 1
23 133500
24 1353096
25 576247
26 33887
27 420
28 1
29 1
30 4682269
31 142458868
32 110940707
33 10151470
34 201152
35 988
36 1
37 1
38 246348114
39 26197715153
40 37047560253
41 5082607533
42 144146058
43 1097364
44 2259
45 1
46 1
47 19213627144
48 8510009449094
49 22009790890799
50 4471877959977
51 171670223007
52 1804264974
53 5668770
54 5065
55 1
56 1
57 2198376297963
58 4882896977168198
59 23665388212672981
60 7114738026462962
61 358663904401506
62 4890635043459
63 20858688114
64 28217585
65 11198
66 1
67 1
68 365587270414696
69 4920097329877798121
70 46652852370775249548
71 20833061985462604206
72 1357355901133017131
73 23117330793312426
74 125560747572909
75 228641421239
76 136791688
77 24498
78 1
