# Table of a(n), 1..66
# b395691.txt generated with jOEIS by Sean A. Irvine at 2026-05-24 09:23:42
1 1
2 1
3 2
4 1
5 18
6 8
7 1
8 248
9 416
10 64
11 1
12 6264
13 36080
14 15680
15 1024
16 1
17 294986
18 6434528
19 6536000
20 1050624
21 32768
22 1
23 25126170
24 2555681112
25 5913294912
26 1833638912
27 130514944
28 2097152
29 1
30 3796366064
31 2319538554560
32 12579916621184
33 7064248705024
34 878237581312
35 30786191360
36 268435456
37 1
38 996764569200
39 4797269817310432
40 65455619660284800
41 65999990138714112
42 13069816287854592
43 756878489419776
44 13995419369472
45 68719476736
46 1
47 448279024696466
48 22268457140374686016
49 851598135389599121792
50 1561823914610900914176
51 476403242700363595776
52 40994774578504925184
53 1211316105180610560
54 12382562513059840
55 35184372088832
56 1
57 340572650062968738
58 228045305947690226487464
59 27984329187282678645983104
60 95822877309561877568989184
61 44739423082302505774153728
62 5441200797757522852184064
63 229639596866423117316096
64 3673886286856826388480
65 21466513176977735680
66 36028797018963968
