# Table of a(n), 1..66
# b395692.txt generated with jOEIS by Sean A. Irvine at 2026-05-25 07:23:01
1 1
2 1
3 3
4 1
5 36
6 27
7 1
8 828
9 2538
10 729
11 1
12 39531
13 508950
14 441045
15 59049
16 1
17 4001094
18 263179503
19 587253240
20 204959079
21 14348907
22 1
23 813395340
24 368248187250
25 2174952380517
26 1578605278131
27 264966916662
28 10460353203
29 1
30 329763689085
31 1399691661265980
32 23988844714581387
33 34819736276564190
34 10851586483568040
35 974528345804292
36 22876792454961
37 1
38 258859601872650
39 14210092416195596961
40 811086438442936760685
41 2399913330155366985765
42 1286121005850104489898
43 200543968618424573292
44 10341293891717935323
45 150094635296999121
46 1
47 392597407691173656
48 375450481800227634369876
49 84783779085536349345449883
50 535941625069653886270193337
51 486555272217119018713574529
52 119691280605153338475955434
53 10270070857724301401420700
54 319606263089194533288165
55 2954312706550833698643
56 1
57 1133286351189331896705
58 25283152696573566460236461598
59 27262767001307528467171536194925
60 394754769697537410407448994505052
61 615066662051314129973173193980380
62 229915296461235990286248238915749
63 29533735286951613801763862983086
64 1486567673769205967282099425845
65 28958858550159191707516771176
66 174449211009120179071170507
