# Table of a(n), 1..66
# b395693.txt generated with jOEIS by Sean A. Irvine at 2026-05-27 08:02:02
1 1
2 1
3 4
4 1
5 60
6 64
7 1
8 2056
9 9472
10 4096
11 1
12 158328
13 3623040
14 4935680
15 1048576
16 1
17 28839052
18 4247162112
19 15976017920
20 9191817216
21 1073741824
22 1
23 11412589620
24 15389345149632
25 174095806001152
26 219378105712640
27 63564442238976
28 4398046511104
29 1
30 10026041561104
31 172079894408951296
32 6750555373883580416
33 18307932488275591168
34 10282352449100447744
35 1667915158871080960
36 72057594037927936
37 1
38 18664461467541744
39 5815842741972805581056
40 943214783266975832530944
41 5790809023200512717094912
42 5911918292094160390324224
43 1727110019567962162200576
44 168324882347936786153472
45 4722366482869645213696
46 1
47 75755962872819317524
48 573358577929517998652931584
49 473016800089208040628879794176
50 7139709348152379757270866591744
51 13272163222012701751460933664768
52 6398466155876372250330969145344
53 1070615111046641346768556523520
54 65927494533733427238393610240
55 1237940039285380274899124224
56 1
57 653460901575866180139564
58 162107737700630191044374526637376
59 840328063937477180110696250471292928
60 34651913091794131239954471543627579392
61 121187763849090781288862244630247243776
62 93871716395136079043333240579784966144
63 24404941083703525449125749479570407424
64 2496778987328728143255614760251555840
65 100854503345424963266146913962950656
66 1298074214633706907132624082305024
