# Table of a(n), 1..66
# b395694.txt generated with jOEIS by Sean A. Irvine at 2026-05-27 08:17:31
1 1
2 1
3 5
4 1
5 90
6 125
7 1
8 4280
9 26750
10 15625
11 1
12 483675
13 17326250
14 32890625
15 9765625
16 1
17 142785200
18 39586105625
19 218971718750
20 180966796875
21 30517578125
22 1
23 97402885980
24 308393713507500
25 5736118938046875
26 10789282724609375
27 4626220703125000
28 476837158203125
29 1
30 163457959833965
31 8244994267663944500
32 616757655829318671875
33 2646518835937949218750
34 2270936048828125000000
35 561231613159179687500
36 37252902984619140625
37 1
38 626832198436452930
39 741057213493795403058625
40 270307234229036460232828125
41 2876858141222010677548828125
42 4682204724730565002441406250
43 2142367604845046997070312500
44 327394120395183563232421875
45 14551915228366851806640625
46 1
47 5903885466844128080600
48 213538385010118492214556321250
49 477891167119501112650249992734375
50 14127569156779480199050302509765625
51 44375305753099325334543914794921875
52 34686219991271255621910095214843750
53 9323530918243154883384704589843750
54 926485299714840948581695556640625
55 28421709430404007434844970703125
56 1
57 129297127087155208361486775
58 196368631211087328719580438997523750
59 3358387761990179689233588503958575078125
60 313348764445332547788822032045338496093750
61 2003818530554387237368049702357849121093750
62 2629920019033010074301300790309906005859375
63 1130936741667062233376875519752502441406250
64 190737171683837441378273069858551025390625
65 12797846295597992138937115669250488281250
66 277555756156289135105907917022705078125
